1 1
2 1.16
3 1.5
4 1.56
5 1.7
6 1.8
7 2.16
8 2.26
9 2.66
10 2.18
11 2.6
12 2.72
13 2.82
14 2.76
15 3.2
16 3.02
17 3.32
18 3.86
19 3.48
20 3.7
21 4.2
22 3.92
23 3.7
24 4.12
25 3.44
26 3.48
27 4.14
28 4.18
29 3.9
30 3.84
31 4.66
32 4.4
33 5.1
34 4.18
35 4.76
36 4.36
37 4.94
38 5.54
39 5.72
40 4.82
41 5.58
42 5.06
43 5.32
44 4.96
45 5.06
46 5.8
47 5.66
48 5.38
49 5.72
50 5.36
51 5.74
52 6.5
53 5.98
54 5.02
55 6.34
56 6.2
57 6.64
58 5.02
59 5.5
60 6.3
61 6.3
62 6.1
63 7.74
64 6.52
65 6.12
66 6.9
67 6.16
68 6.02
69 7.18
70 6.04
71 6.62
72 6.86
73 6.98
74 7.1
75 6.26
76 7.04
77 6.96
78 7.52
79 6.42
80 6.74
81 6.52
82 7.44
83 6.46
84 7.5
85 7.32
86 7.98
87 6.58
88 7.7
89 7.5
90 7.8
91 6.8
92 7.78
93 7.2
94 7.58
95 6.44
96 8.7
97 7.04
98 7.16
99 6.8
100 7.62
101 9
102 9.02
103 8.52
104 8.26
105 7.86
106 8.6
107 8.6
108 7.92
109 8.38
110 9.22
111 8.76
112 8.16
113 8.48
114 7.74
115 8.88
116 8.44
117 8.36
118 8.44
119 7.96
120 7.4
121 8.38
122 9.64
123 9.3
124 9.3
125 8.44
126 8.7
127 9.04
128 10.18
129 10.32
130 8.44
131 8.12
132 10.06
133 9.84
134 7.62
135 8.76
136 8.9
137 9.46
138 8.48
139 9.82
140 10.2
141 10.24
142 9.72
143 10.08
144 9.36
145 10.94
146 10.66
147 9.34
148 9.78
149 10.96
150 9.1
151 9.6
152 10.02
153 8.9
154 9.38
155 9.1
156 10.02
157 9.9
158 10.16
159 9.88
160 11.48
161 9.96
162 9.8
163 9.88
164 11.02
165 9.3
166 9.56
167 8.54
168 10.16
169 10.2
170 10.68
171 9.22
172 10.28
173 9.84
174 11.16
175 11.76
176 11.8
177 12.9
178 10.22
179 9.48
180 10.4
181 10.94
182 9.7
183 9.88
184 10.1
185 12.14
186 11.42
187 10.22
188 10.7
189 12.14
190 11.04
191 10.48
192 9.66
193 10.82
194 11.7
195 10.96
196 11.32
197 11.48
198 10.52
199 12.32
200 11.6
201 11.62
202 12.62
203 11.32
204 10.58
205 11.58
206 9.96
207 10.26
208 11.14
209 12.28
210 11.62
211 12.08
212 13.28
213 11.42
214 12.64
215 11.7
216 11.56
217 9.4
218 11.2
219 12.58
220 12.3
221 11.74
222 11.82
223 12.04
224 11.3
225 12.1
226 11.48
227 12.62
228 10.84
229 11.44
230 10.1
231 11.7
232 13.72
233 12.28
234 12.54
235 12.92
236 12.56
237 12.76
238 12.7
239 11.7
240 12.56
241 12.5
242 11.64
243 13.36
244 11
245 11.98
246 11.12
247 10.82
248 12.34
249 11.92
250 13.42
251 13.56
252 12.82
253 12.26
254 12.24
255 12.1
256 12.6
257 12.78
258 12.78
259 11.24
260 12.56
261 13.08
262 13.62
263 11.28
264 11.88
265 13.46
266 12.62
267 14.3
268 11.58
269 13.66
270 13.74
271 13.44
272 13.46
273 12.78
274 13.26
275 12.2
276 13.4
277 13.98
278 11.94
279 13.88
280 13.2
281 14.96
282 13.46
283 13.58
284 13.64
285 12.88
286 13.46
287 13.7
288 13.4
289 13.56
290 13.38
291 14.44
292 13.82
293 14.24
294 13.06
295 14.14
296 12.66
297 14.82
298 14.6
299 12.68
300 14.08
301 13.9
302 12.5
303 13.28
304 13.64
305 13.5
306 14.3
307 12.26
308 14.76
309 14.44
310 14.88
311 14.38
312 15.6
313 13.58
314 12.3
315 16.6
316 13.94
317 14.02
318 13
319 15.12
320 13.78
321 14.86
322 15.12
323 14.02
324 13.84
325 12.02
326 14.3
327 13.18
328 13.54
329 14.32
330 15.46
331 15.52
332 13.86
333 15.68
334 15
335 15.06
336 14
337 14.36
338 17.32
339 14.4
340 15.96
341 16.14
342 13.8
343 14.36
344 15.62
345 14.42
346 15.32
347 14.5
348 14
349 14.58
350 12.8
351 15.2
352 15.64
353 17.44
354 14.24
355 15.18
356 13.88
357 14.88
358 14.62
359 13.82
360 17.14
361 16.64
362 15.86
363 16.16
364 16.98
365 14.6
366 13.66
367 16.96
368 17.32
369 15.04
370 14.92
371 14.72
372 13.52
373 15.56
374 16.06
375 14.3
376 15.46
377 17.56
378 13.92
379 13.1
380 16.68
381 14.86
382 15.26
383 16.54
384 15.7
385 14.66
386 13.3
387 17.1
388 18.26
389 14.54
390 16.26
391 15.62
392 16.46
393 16.08
394 15.66
395 15.94
396 16.46
397 16.36
398 17.72
399 16.4
400 13.8
401 14.24
402 15.36
403 15.5
404 14.4
405 16.1
406 14.8
407 13.58
408 15.44
409 15.86
410 16.8
411 16.1
412 16.88
413 18.2
414 17.42
415 17
416 13.78
417 18.54
418 15.1
419 18.26
420 16.9
421 17.08
422 15.26
423 17.24
424 17.34
425 16.66
426 15.74
427 16.78
428 18.28
429 17.22
430 15.08
431 18.88
432 17.96
433 17.4
434 15.7
435 15.34
436 13.36
437 17.26
438 17.32
439 14.7
440 15.16
441 15.22
442 15.92
443 17.86
444 15.26
445 16.32
446 16.9
447 16.28
448 15.78
449 17.72
450 16.86
451 18.1
452 18.92
453 18.22
454 17.06
455 16.32
456 16.2
457 16.9
458 18.78
459 17.18
460 16.12
461 17.08
462 18.2
463 20.4
464 17.26
465 18.34
466 16.84
467 17.42
468 15.8
469 15.18
470 17.18
471 19.34
472 17.26
473 17.32
474 20.16
475 15.08
476 16.16
477 15.36
478 15.8
479 17.2
480 17.16
481 19.08
482 13.56
483 17.28
484 17.34
485 16.26
486 15.48
487 19.42
488 17
489 17.18
490 19.48
491 15.92
492 17.34
493 16
494 16.28
495 16.78
496 18.22
497 19.06
498 19.16
499 16.7
500 17.72
501 19.78
502 16.6
503 17.86
504 16.36
505 16.76
506 17.84
507 15.5
508 19.14
509 15.1
510 18.96
511 18.8
512 17.08
513 17.98
514 18.92
515 19.12
516 16.48
517 18.9
518 17.54
519 17.72
520 19.12
521 18.76
522 17.62
523 18.64
524 19.9
525 18.2
526 18.68
527 17.34
528 20.7
529 19.02
530 18.06
531 17.48
532 17.62
533 16.84
534 18.42
535 19.24
536 18.1
537 17.74
538 20.76
539 19.74
540 17.86
541 19.6
542 19.68
543 21.36
544 19.04
545 19.3
546 19.36
547 16.94
548 20.02
549 18.14
550 17.9
551 17.92
552 19.24
553 19.2
554 17.72
555 17.34
556 21.38
557 20.32
558 19.78
559 16.5
560 17.3
561 18.92
562 17.68
563 21
564 17.7
565 15.76
566 19.46
567 18.84
568 17.42
569 18.48
570 18.8
571 17.48
572 18.28
573 19.16
574 18.3
575 21.14
576 17.44
577 17.82
578 18.76
579 19.26
580 19.78
581 20.7
582 20.82
583 19.64
584 18.58
585 20.86
586 20.92
587 20.52
588 17.24
589 20.56
590 17.46
591 18.78
592 18.18
593 20.64
594 18.34
595 20.64
596 20.26
597 21.12
598 17.8
599 16.94
600 17.94
601 19.12
602 20.04
603 18.48
604 19.52
605 19.28
606 21.46
607 21.14
608 19.32
609 23.98
610 21.28
611 22.22
612 17.32
613 19.18
614 18.56
615 21.4
616 20
617 21.3
618 21.16
619 21.2
620 19.68
621 19.22
622 20.4
623 20.6
624 22.1
625 18.94
626 20.54
627 21.52
628 20.96
629 18.08
630 18.94
631 23.92
632 19.34
633 18.76
634 23.62
635 21.06
636 21.1
637 20.88
638 20.7
639 22.46
640 20.42
641 18.08
642 19.9
643 22.26
644 20.48
645 21.1
646 20.72
647 20.58
648 21.02
649 19.84
650 19.78
651 22.3
652 21.26
653 22.54
654 17.1
655 20.9
656 18.12
657 17.94
658 21.32
659 22.2
660 18.8
661 21.02
662 20.92
663 23.42
664 21.06
665 24.04
666 20.4
667 19.44
668 19.62
669 23.96
670 19.68
671 22.56
672 20.76
673 21.32
674 21.12
675 21.22
676 19.68
677 20
678 19.62
679 20.46
680 22.54
681 18.78
682 21.6
683 21.08
684 21.04
685 21.06
686 19.8
687 20.24
688 20.62
689 19.88
690 18.16
691 20.5
692 21.34
693 20.06
694 19.48
695 22.26
696 18.3
697 20
698 20
699 19.82
700 22.36
701 19.88
702 18.18
703 20.7
704 18.56
705 19.98
706 21.26
707 19.88
708 19.34
709 20.7
710 21.52
711 21.06
712 21.48
713 21.62
714 22.18
715 20.78
716 20.68
717 21.6
718 20.9
719 22.64
720 21.9
721 20.98
722 21.52
723 22.02
724 21.2
725 22.68
726 23.32
727 22.88
728 20.82
729 21.38
730 22.66
731 17.64
732 20.68
733 22
734 18.4
735 21.74
736 21.84
737 21.06
738 20.8
739 22.1
740 24.06
741 20.44
742 23.44
743 19.78
744 23.36
745 23.02
746 23.14
747 24.22
748 19.66
749 21.38
750 22.92
751 21.52
752 21.14
753 23.44
754 22.96
755 20.62
756 23.9
757 21.68
758 21.14
759 22.28
760 18.98
761 21.24
762 22.52
763 22.64
764 24.66
765 22.66
766 23.6
767 20.7
768 21.86
769 25.88
770 19.88
771 21.12
772 22.04
773 19.56
774 22.3
775 22.32
776 23.66
777 25.64
778 22.52
779 24.18
780 19.58
781 23.5
782 25.52
783 22.94
784 20.62
785 23.9
786 22.9
787 23.02
788 20.84
789 21.68
790 18.18
791 23.78
792 22.18
793 21
794 21.26
795 21
796 21.42
797 25.3
798 21
799 21.78
800 22.66
801 22.86
802 22.88
803 22.26
804 19.5
805 19.44
806 21.82
807 22.02
808 22.86
809 24.7
810 23.62
811 19.76
812 21.2
813 20.6
814 22.68
815 26.1
816 21.78
817 19.56
818 22.52
819 22.16
820 22.32
821 23.3
822 19.68
823 22.56
824 21.38
825 22.08
826 21.88
827 20.82
828 22.3
829 21.46
830 20.64
831 22.96
832 24.64
833 23
834 22
835 23.1
836 22.74
837 24.78
838 22.38
839 24.3
840 26.74
841 22.44
842 20.52
843 24.04
844 20.84
845 23.1
846 21.84
847 22
848 22.56
849 22.32
850 23.2
851 26.28
852 24.76
853 22.26
854 22.34
855 22.64
856 25.46
857 24.28
858 22
859 20
860 22.86
861 22.24
862 23.88
863 24.02
864 21.64
865 24.34
866 21.2
867 22.34
868 23.88
869 22.48
870 28.3
871 23.84
872 24.04
873 25.94
874 26.86
875 25.16
876 21.5
877 23.82
878 23.42
879 25.22
880 25.96
881 23.9
882 25.42
883 24
884 23.46
885 27.94
886 21.56
887 22.92
888 22.7
889 23.38
890 22.56
891 26.8
892 23.98
893 26.32
894 25.48
895 24.02
896 23.44
897 25.46
898 20.14
899 22.28
900 23.74
901 22.76
902 21.42
903 24.68
904 22.36
905 23.06
906 26.62
907 23.08
908 23.74
909 24.16
910 22.94
911 25.56
912 22.24
913 24.68
914 22.26
915 23.42
916 26.94
917 24.34
918 24.54
919 23.38
920 29.38
921 24.24
922 23.08
923 25.38
924 24.8
925 22.9
926 26.34
927 26.42
928 26.42
929 26.06
930 22.74
931 24.24
932 24.32
933 23.82
934 22.02
935 24.86
936 24.64
937 22.6
938 27.42
939 21.62
940 26.72
941 24.9
942 23.44
943 25.98
944 26.12
945 23.7
946 26.22
947 23.08
948 23.34
949 27.18
950 25.1
951 25.76
952 25.42
953 23.14
954 23.82
955 29.28
956 25.5
957 26.12
958 25.66
959 26.26
960 31
961 23.98
962 23.98
963 25.84
964 27.78
965 25.1
966 26.22
967 21.8
968 29.94
969 29.32
970 26
971 21.28
972 25.62
973 22.82
974 21.6
975 28.4
976 23.34
977 25.04
978 22.7
979 27.76
980 25.68
981 24.14
982 24.3
983 24.68
984 23.18
985 28.04
986 26.02
987 27.76
988 25.02
989 24.16
990 26.52
991 25.08
992 25.26
993 25.84
994 22.4
995 27.04
996 25.58
997 23.52
998 27.18
999 24.56
1000 23.82
